#1245  t=   0.000s OUT ep1 11 ff 00 1d 00 00 39 00 00 00 00 00 00 00 00 00 00 00 00 00
#1247  t=   0.000s IN  ep1 11 ff 00 1d 04 05 39 00 00 00 00 00 00 00 00 00 00 00 00 00
#1249  t=   0.001s OUT ep1 11 ff 02 0d 00 00 00 00 00 00 00 00 00 00 00 00 00 00 00 00
#1251  t=   0.001s IN  ep1 11 ff 02 0d 04 29 00 1e 00 00 08 c3 54 00 00 00 00 00 01 00
#1253  t=   0.001s OUT ep1 11 ff 02 1d 01 00 00 00 00 00 00 00 00 00 00 00 00 00 00 00
#1257  t=   0.002s IN  ep1 11 ff 02 1d 00 55 31 00 66 00 00 17 01 c3 54 00 00 00 00 00
#1259  t=   0.002s OUT ep1 11 ff 02 1d 00 00 00 00 00 00 00 00 00 00 00 00 00 00 00 00
#1261  t=   0.003s IN  ep1 11 ff 02 1d 01 42 4c 32 20 00 00 17 00 ab d4 00 00 00 00 00
#1263  t=   0.003s OUT ep1 11 ff 02 1d 01 00 00 00 00 00 00 00 00 00 00 00 00 00 00 00
#1265  t=   0.003s IN  ep1 11 ff 02 1d 00 55 31 00 66 00 00 17 01 c3 54 00 00 00 00 00
#1267  t=   0.004s OUT ep1 11 ff 06 0d 00 00 00 00 00 00 00 00 00 00 00 00 00 00 00 00
#1269  t=   0.005s IN  ep1 11 ff 06 0d 00 00 1e 04 00 00 00 00 00 00 00 00 00 00 00 00
#1271  t=   0.014s OUT ep1 11 ff 02 1d 00 00 00 00 00 00 00 00 00 00 00 00 00 00 00 00
#1273  t=   0.015s IN  ep1 11 ff 02 1d 01 42 4c 32 20 00 00 17 00 ab d4 00 00 00 00 00
#1275  t=   0.015s OUT ep1 11 ff 02 1d 01 00 00 00 00 00 00 00 00 00 00 00 00 00 00 00
#1279  t=   0.016s IN  ep1 11 ff 02 1d 00 55 31 00 66 00 00 17 01 c3 54 00 00 00 00 00
#1283  t=   0.022s OUT ep1 11 ff 06 0d 00 00 00 00 00 00 00 00 00 00 00 00 00 00 00 00
#1285  t=   0.022s IN  ep1 11 ff 06 0d 00 00 1e 04 00 00 00 00 00 00 00 00 00 00 00 00
#1287  t=   0.023s OUT ep1 11 ff 02 0d 00 00 00 00 00 00 00 00 00 00 00 00 00 00 00 00
#1289  t=   0.023s IN  ep1 11 ff 02 0d 04 29 00 1e 00 00 08 c3 54 00 00 00 00 00 01 00
#1291  t=   0.024s OUT ep1 11 ff 02 1d 00 00 00 00 00 00 00 00 00 00 00 00 00 00 00 00
#1293  t=   0.024s IN  ep1 11 ff 02 1d 01 42 4c 32 20 00 00 17 00 ab d4 00 00 00 00 00
#1295  t=   0.024s OUT ep1 11 ff 02 1d 01 00 00 00 00 00 00 00 00 00 00 00 00 00 00 00
#1299  t=   0.025s IN  ep1 11 ff 02 1d 00 55 31 00 66 00 00 17 01 c3 54 00 00 00 00 00
#1301  t=   0.025s OUT ep1 11 ff 02 1d 00 00 00 00 00 00 00 00 00 00 00 00 00 00 00 00
#1303  t=   0.025s IN  ep1 11 ff 02 1d 01 42 4c 32 20 00 00 17 00 ab d4 00 00 00 00 00
#1305  t=   0.026s OUT ep1 11 ff 02 1d 01 00 00 00 00 00 00 00 00 00 00 00 00 00 00 00
#1307  t=   0.026s IN  ep1 11 ff 02 1d 00 55 31 00 66 00 00 17 01 c3 54 00 00 00 00 00
#1309  t=   0.026s OUT ep1 11 ff 02 1d 02 00 00 00 00 00 00 00 00 00 00 00 00 00 00 00
#1311  t=   0.027s IN  ep1 11 ff 02 1d 0b 49 4d 00 01 00 00 17 00 c3 54 00 00 00 00 00
#1313  t=   0.027s OUT ep1 11 ff 02 1d 03 00 00 00 00 00 00 00 00 00 00 00 00 00 00 00
#1315  t=   0.027s IN  ep1 11 ff 02 1d 02 48 57 20 00 00 00 00 00 00 00 00 00 00 00 00
#1555  t=   7.898s OUT ep1 11 ff 00 1e 00 00 00 00 00 00 00 00 00 00 00 00 00 00 00 00
#1557  t=   7.898s IN  ep1 11 ff 00 1e 04 05 00 00 00 00 00 00 00 00 00 00 00 00 00 00
#1559  t=   7.898s OUT ep1 13 ff 00 1e e0 00 00 00 00 00 00 00 00 00 00 00 00 00 00 00 00 00 00 00 00 00 00 00 00 00 00 00
#1561  t=   7.898s IN  ep1 13 ff 00 1e c0 01 00 00 01 e8 20 00 00 00 00 00 00 00 00 00 00 00 00 00 00 00 00 00 00 00 00 00
#1563  t=   7.900s OUT ep1 11 ff 00 1e 00 00 39 00 00 00 00 00 00 00 00 00 00 00 00 00
#1565  t=   7.900s IN  ep1 11 ff 00 1e 04 05 39 00 00 00 00 00 00 00 00 00 00 00 00 00
#1567  t=   7.900s OUT ep1 11 ff 00 0e 00 03 00 00 00 00 00 00 00 00 00 00 00 00 00 00
#1569  t=   7.900s IN  ep1 11 ff 00 0e 02 00 07 00 00 00 00 00 00 00 00 00 00 00 00 00
#1571  t=   7.901s OUT ep1 11 ff 02 0e 00 00 00 00 00 00 00 00 00 00 00 00 00 00 00 00
#1573  t=   7.901s IN  ep1 11 ff 02 0e 04 29 00 1e 00 00 08 c3 54 00 00 00 00 00 01 00
#1575  t=   7.901s OUT ep1 11 ff 02 1e 00 00 00 00 00 00 00 00 00 00 00 00 00 00 00 00
#1577  t=   7.902s IN  ep1 11 ff 02 1e 01 42 4c 32 20 00 00 17 00 ab d4 00 00 00 00 00
#1579  t=   7.902s OUT ep1 11 ff 02 1e 01 00 00 00 00 00 00 00 00 00 00 00 00 00 00 00
#1581  t=   7.903s IN  ep1 11 ff 02 1e 00 55 31 00 66 00 00 17 01 c3 54 00 00 00 00 00
#1583  t=   7.904s OUT ep1 11 ff 00 1e 00 00 b1 00 00 00 00 00 00 00 00 00 00 00 00 00
#1585  t=   7.904s IN  ep1 11 ff 00 1e 04 05 b1 00 00 00 00 00 00 00 00 00 00 00 00 00
#1587  t=   7.904s OUT ep1 11 ff 00 1e 00 00 f3 00 00 00 00 00 00 00 00 00 00 00 00 00
#1589  t=   7.905s IN  ep1 11 ff 00 1e 04 05 f3 00 00 00 00 00 00 00 00 00 00 00 00 00
#1591  t=   7.905s OUT ep1 11 ff 00 0e 00 c3 00 00 00 00 00 00 00 00 00 00 00 00 00 00
#1593  t=   7.905s IN  ep1 11 ff 00 0e 06 00 01 00 00 00 00 00 00 00 00 00 00 00 00 00
#1595  t=   7.905s OUT ep1 11 ff 00 1e 00 00 6e 00 00 00 00 00 00 00 00 00 00 00 00 00
#1597  t=   7.906s IN  ep1 11 ff 00 1e 04 05 6e 00 00 00 00 00 00 00 00 00 00 00 00 00
#1599  t=   7.906s OUT ep1 11 ff 00 0e 16 02 00 00 00 00 00 00 00 00 00 00 00 00 00 00
#1601  t=   7.906s IN  ep1 11 ff 00 0e 07 00 00 00 00 00 00 00 00 00 00 00 00 00 00 00
#1603  t=   7.906s OUT ep1 11 ff 00 1e 00 00 74 00 00 00 00 00 00 00 00 00 00 00 00 00
#1605  t=   7.907s IN  ep1 11 ff 00 1e 04 05 74 00 00 00 00 00 00 00 00 00 00 00 00 00
#1607  t=   7.907s OUT ep1 11 ff 00 0e 18 02 00 00 00 00 00 00 00 00 00 00 00 00 00 00
#1609  t=   7.907s IN  ep1 11 ff 00 0e 08 70 00 00 00 00 00 00 00 00 00 00 00 00 00 00
#1611  t=   7.907s OUT ep1 11 ff 00 1e 00 00 e1 00 00 00 00 00 00 00 00 00 00 00 00 00
#1613  t=   7.907s IN  ep1 11 ff 00 1e 04 05 e1 00 00 00 00 00 00 00 00 00 00 00 00 00
#1615  t=   7.907s OUT ep1 11 ff 00 0e 1e 00 00 00 00 00 00 00 00 00 00 00 00 00 00 00
#1617  t=   7.908s IN  ep1 11 ff 00 0e 0c 40 00 00 00 00 00 00 00 00 00 00 00 00 00 00
#1619  t=   7.908s OUT ep1 11 ff 00 1e 00 00 8c 00 00 00 00 00 00 00 00 00 00 00 00 00
#1621  t=   7.908s IN  ep1 11 ff 00 1e 04 05 8c 00 00 00 00 00 00 00 00 00 00 00 00 00
#1623  t=   7.908s OUT ep1 11 ff 00 0e 1e 02 00 00 00 00 00 00 00 00 00 00 00 00 00 00
#1625  t=   7.909s IN  ep1 11 ff 00 0e 0d 60 00 00 00 00 00 00 00 00 00 00 00 00 00 00
#1627  t=   7.909s OUT ep1 11 ff 00 1e 00 00 d6 00 00 00 00 00 00 00 00 00 00 00 00 00
#1629  t=   7.909s IN  ep1 11 ff 00 1e 04 05 d6 00 00 00 00 00 00 00 00 00 00 00 00 00
#1631  t=   7.909s OUT ep1 11 ff 00 0e 00 08 00 00 00 00 00 00 00 00 00 00 00 00 00 00
#1633  t=   7.910s IN  ep1 11 ff 00 0e 04 00 01 00 00 00 00 00 00 00 00 00 00 00 00 00
#1635  t=   7.910s OUT ep1 11 ff 04 0e 00 00 00 00 00 00 00 00 00 00 00 00 00 00 00 00
#1637  t=   7.910s IN  ep1 11 ff 04 0e 01 f4 27 10 00 00 00 00 00 00 00 00 00 00 00 00
#1639  t=   7.911s OUT ep1 13 ff 00 2e e0 5e 5f 60 61 62 63 64 65 00 00 00 00 00 00 00 00 00 00 00 00 00 00 00 00 00 00 00
#1641  t=   7.912s IN  ep1 13 ff 00 2e c0 5e 5f 60 61 62 63 64 65 00 00 00 00 00 00 00 00 00 00 00 00 00 00 00 00 00 00 00
#1643  t=   7.912s OUT ep1 13 ff 00 0e e0 19 a1 00 00 00 00 00 00 00 00 00 00 00 00 00 00 00 00 00 00 00 00 00 00 00 00 00
#1645  t=   7.912s IN  ep1 13 ff 00 0e c0 19 a1 02 00 00 00 01 e8 03 00 00 00 00 00 00 00 00 00 00 00 00 00 00 00 00 00 00
#1647  t=   7.917s OUT ep1 13 ff 02 7e e0 00 00 00 00 00 00 00 00 00 00 00 00 00 00 00 00 00 00 00 00 00 00 00 00 00 00 00
#1649  t=   7.917s IN  ep1 13 ff 02 7e c0 00 01 00 00 00 00 00 00 00 00 00 00 00 00 00 00 00 00 00 00 00 00 00 00 00 00 00
#1651  t=   7.918s OUT ep1 13 ff 02 7e e0 00 00 00 00 00 00 00 00 00 00 00 00 00 00 00 00 00 00 00 00 00 00 00 00 00 00 00
#1653  t=   7.918s IN  ep1 13 ff 02 7e c0 00 01 00 00 00 00 00 00 00 00 00 00 00 00 00 00 00 00 00 00 00 00 00 00 00 00 00
#1655  t=   7.919s OUT ep1 13 ff 02 3e e0 00 00 00 00 00 00 00 00 00 00 00 00 00 00 00 00 00 00 00 00 00 00 00 00 00 00 00
#1657  t=   7.919s IN  ep1 13 ff 02 3e c0 a0 a1 a2 a4 a5 a6 d0 d1 d2 d3 d4 d5 d6 00 00 00 00 00 00 00 00 00 00 00 00 00 00
#1659  t=   7.925s OUT ep1 13 ff 02 5e e0 00 00 00 00 00 00 00 00 00 00 00 00 00 00 00 00 00 00 00 00 00 00 00 00 00 00 00
#1661  t=   7.925s IN  ep1 13 ff 02 5e c0 a1 00 00 00 00 00 00 00 00 00 00 00 00 00 00 00 00 00 00 00 00 00 00 00 00 00 00
#1663  t=   7.926s OUT ep1 13 ff 02 0e e0 00 00 00 00 00 00 00 00 00 00 00 00 00 00 00 00 00 00 00 00 00 00 00 00 00 00 00
#1665  t=   7.927s IN  ep1 13 ff 02 0e c0 01 00 7a 1e 00 00 00 1b 01 00 00 00 00 00 00 00 00 00 00 00 00 00 00 00 00 00 00
#1667  t=   7.927s OUT ep1 13 ff 02 1e e0 01 00 00 00 00 00 00 00 00 00 00 00 00 00 00 00 00 00 00 00 00 00 00 00 00 00 00
#1669  t=   7.928s IN  ep1 13 ff 02 1e 80 01 00 60 01 e0 01 e0 09 00 01 00 18 00 06 00 76 00 76 01 00 b6 00 07 00 76 00 76
#1671  t=   7.928s IN  ep1 13 ff 02 1e 01 01 01 54 00 06 00 76 00 76 01 00 17 00 a4 00 76 00 76 01 00 b5 00 a3 00 76 00 76
#1673  t=   7.928s IN  ep1 13 ff 02 1e 02 01 01 53 00 a4 00 76 00 76 01 00 17 01 42 00 76 00 76 01 00 b5 01 41 00 76 00 76
#1675  t=   7.928s IN  ep1 13 ff 02 1e 43 01 01 54 01 41 00 76 00 76 00 00 00 00 00 00 00 00 00 00 00 00 00 00 00 00 00 00
#1677  t=   7.928s OUT ep1 11 ff 00 1e 00 00 62 00 00 00 00 00 00 00 00 00 00 00 00 00
#1679  t=   7.928s IN  ep1 11 ff 00 1e 04 05 62 00 00 00 00 00 00 00 00 00 00 00 00 00
#1681  t=   7.928s OUT ep1 11 ff 00 0e 1b 04 00 00 00 00 00 00 00 00 00 00 00 00 00 00
#1683  t=   7.929s IN  ep1 11 ff 00 0e 0b 00 06 00 00 00 00 00 00 00 00 00 00 00 00 00
#1685  t=   7.929s OUT ep1 11 ff 00 1e 00 00 f0 00 00 00 00 00 00 00 00 00 00 00 00 00
#1687  t=   7.929s IN  ep1 11 ff 00 1e 04 05 f0 00 00 00 00 00 00 00 00 00 00 00 00 00
#1689  t=   7.929s OUT ep1 11 ff 00 0e 80 40 00 00 00 00 00 00 00 00 00 00 00 00 00 00
#1691  t=   7.930s IN  ep1 11 ff 00 0e 0f 00 01 00 00 00 00 00 00 00 00 00 00 00 00 00
#1693  t=   7.930s OUT ep1 13 ff 02 5e e0 00 00 00 00 00 00 00 00 00 00 00 00 00 00 00 00 00 00 00 00 00 00 00 00 00 00 00
#1695  t=   7.930s IN  ep1 13 ff 02 5e c0 a1 00 00 00 00 00 00 00 00 00 00 00 00 00 00 00 00 00 00 00 00 00 00 00 00 00 00
#1697  t=   7.930s OUT ep1 11 ff 0b 0e 00 00 00 00 00 00 00 00 00 00 00 00 00 00 00 00
#1699  t=   7.931s IN  ep1 11 ff 0b 0e 02 00 00 00 00 00 00 00 00 00 00 00 00 00 00 00
#1701  t=   7.931s OUT ep1 11 ff 0b 1e 00 00 00 00 00 00 00 00 00 00 00 00 00 00 00 00
#1703  t=   7.931s IN  ep1 11 ff 0b 1e 01 a1 00 00 20 00 01 00 00 00 00 00 00 00 00 00
#1705  t=   7.932s OUT ep1 11 ff 0b 2e 01 a1 00 00 00 00 00 00 00 00 00 00 00 00 00 00
#1707  t=   7.932s IN  ep1 11 ff 0b 2e 01 a1 01 00 00 00 00 00 00 00 00 00 00 00 00 00
#1709  t=   7.933s OUT ep1 11 ff 00 1e 00 00 c9 00 00 00 00 00 00 00 00 00 00 00 00 00
#1711  t=   7.933s IN  ep1 11 ff 00 1e 04 05 c9 00 00 00 00 00 00 00 00 00 00 00 00 00
#1713  t=   7.933s OUT ep1 11 ff 00 0e 00 20 00 00 00 00 00 00 00 00 00 00 00 00 00 00
#1715  t=   7.933s IN  ep1 11 ff 00 0e 00 00 00 00 00 00 00 00 00 00 00 00 00 00 00 00
#1717  t=   7.934s OUT ep1 11 ff 0b 3e 01 a1 03 00 00 00 00 00 00 00 00 00 00 00 00 00
#1719  t=   7.934s IN  ep1 11 ff 0b 3e 01 a1 03 00 00 00 00 00 00 00 00 00 00 00 00 00
#1721  t=   7.935s OUT ep1 11 ff 0b 1e 01 00 00 00 00 00 00 00 00 00 00 00 00 00 00 00
#1723  t=   7.935s IN  ep1 11 ff 0b 1e 01 a2 00 00 20 00 01 00 00 00 00 00 00 00 00 00
#1725  t=   7.936s OUT ep1 11 ff 0b 2e 01 a2 00 00 00 00 00 00 00 00 00 00 00 00 00 00
#1727  t=   7.936s IN  ep1 11 ff 0b 2e 01 a2 01 00 00 00 00 00 00 00 00 00 00 00 00 00
#1729  t=   7.936s OUT ep1 11 ff 0b 3e 01 a2 03 00 00 00 00 00 00 00 00 00 00 00 00 00
#1731  t=   7.937s IN  ep1 11 ff 0b 3e 01 a2 03 00 00 00 00 00 00 00 00 00 00 00 00 00
#1733  t=   7.938s OUT ep1 11 ff 02 2e 00 00 00 00 00 00 00 00 00 00 00 00 00 00 00 00
#1735  t=   7.938s IN  ep1 11 ff 02 2e 32 35 30 33 57 44 5a 30 4b 37 58 38 00 00 00 00
#1737  t=   7.940s OUT ep1 11 ff 02 1e 02 00 00 00 00 00 00 00 00 00 00 00 00 00 00 00
#1739  t=   7.940s IN  ep1 11 ff 02 1e 0b 49 4d 00 01 00 00 17 00 c3 54 00 00 00 00 00
#1741  t=   7.940s OUT ep1 11 ff 02 1e 03 00 00 00 00 00 00 00 00 00 00 00 00 00 00 00
#1743  t=   7.941s IN  ep1 11 ff 02 1e 02 48 57 20 00 00 00 00 00 00 00 00 00 00 00 00
#1745  t=   7.941s OUT ep1 11 ff 04 0e 00 00 00 00 00 00 00 00 00 00 00 00 00 00 00 00
#1747  t=   7.941s IN  ep1 11 ff 04 0e 01 f4 27 10 00 00 00 00 00 00 00 00 00 00 00 00
#1749  t=   7.941s OUT ep1 13 ff 02 7e e0 00 00 00 00 00 00 00 00 00 00 00 00 00 00 00 00 00 00 00 00 00 00 00 00 00 00 00
#1751  t=   7.942s IN  ep1 13 ff 02 7e c0 00 01 00 00 00 00 00 00 00 00 00 00 00 00 00 00 00 00 00 00 00 00 00 00 00 00 00
#1753  t=   7.958s OUT ep1 11 ff 04 1e 0b b8 00 00 00 00 00 00 00 00 00 00 00 00 00 00
#1755  t=   7.959s IN  ep1 11 ff 04 1e 0b b8 00 00 00 00 00 00 00 00 00 00 00 00 00 00
#1757  t=   7.964s OUT ep1 13 ff 02 5e e0 00 00 00 00 00 00 00 00 00 00 00 00 00 00 00 00 00 00 00 00 00 00 00 00 00 00 00
#1759  t=   7.964s IN  ep1 13 ff 02 5e c0 a1 00 00 00 00 00 00 00 00 00 00 00 00 00 00 00 00 00 00 00 00 00 00 00 00 00 00
#1761  t=   7.975s OUT ep1 13 ff 02 5e e0 00 00 00 00 00 00 00 00 00 00 00 00 00 00 00 00 00 00 00 00 00 00 00 00 00 00 00
#1763  t=   7.975s IN  ep1 13 ff 02 5e c0 a1 00 00 00 00 00 00 00 00 00 00 00 00 00 00 00 00 00 00 00 00 00 00 00 00 00 00
#1765  t=   7.976s OUT ep1 13 ff 02 4e e0 a0 00 00 00 00 00 00 00 00 00 00 00 00 00 00 00 00 00 00 00 00 00 00 00 00 00 00
#1767  t=   7.976s IN  ep1 13 ff 02 4e c0 a0 00 00 00 00 00 00 00 00 00 00 00 00 00 00 00 00 00 00 00 00 00 00 00 00 00 00
#1769  t=   7.976s OUT ep1 13 ff 02 5e e0 00 00 00 00 00 00 00 00 00 00 00 00 00 00 00 00 00 00 00 00 00 00 00 00 00 00 00
#1770  t=   7.976s IN  ep1 13 ff 02 10 c6 a0 00 00 00 00 00 00 00 00 00 00 00 00 00 00 00 00 00 00 00 00 00 00 00 00 00 00
#1773  t=   7.977s IN  ep1 13 ff 02 5e c0 a0 00 00 00 00 00 00 00 00 00 00 00 00 00 00 00 00 00 00 00 00 00 00 00 00 00 00
#1775  t=   7.983s OUT ep1 11 ff 0f 2e 00 46 00 00 00 00 00 00 00 00 00 00 00 00 00 00
#1777  t=   7.983s IN  ep1 11 ff 0f 2e 00 00 00 00 00 00 00 00 00 00 00 00 00 00 00 00
#1779  t=   8.117s OUT ep1 LCD len=4095 14 ff 02 2e a0 01 00 01 00 00 17 00 06 01 b3 01 b2 00 11 0a ff d8 ff e0 ...
#1780  t=   8.118s OUT ep1 LCD len=4095 14 ff 02 2e 61 00 00 00 00 00 00 00 00 00 00 00 00 00 00 00 00 00 00 00 ...
#1782  t=   8.118s IN  ep1 13 ff 02 2e c0 00 00 00 00 00 00 00 00 00 00 00 00 00 00 00 00 00 00 00 00 00 00 00 00 00 00 00
#1785  t=   8.119s IN  ep1 13 ff 02 2e c1 00 01 00 00 00 00 00 00 00 00 00 00 00 00 00 00 00 00 00 00 00 00 00 00 00 00 00
#1789  t=   8.970s OUT ep1 11 ff 04 1e 0b b8 00 00 00 00 00 00 00 00 00 00 00 00 00 00
#1791  t=   8.971s IN  ep1 11 ff 04 1e 0b b8 00 00 00 00 00 00 00 00 00 00 00 00 00 00
#1799  t=   9.986s OUT ep1 11 ff 04 1e 0b b8 00 00 00 00 00 00 00 00 00 00 00 00 00 00
#1801  t=   9.987s IN  ep1 11 ff 04 1e 0b b8 00 00 00 00 00 00 00 00 00 00 00 00 00 00
#1803  t=  10.998s OUT ep1 11 ff 04 1e 0b b8 00 00 00 00 00 00 00 00 00 00 00 00 00 00
#1805  t=  10.998s IN  ep1 11 ff 04 1e 0b b8 00 00 00 00 00 00 00 00 00 00 00 00 00 00
#1807  t=  12.007s OUT ep1 11 ff 04 1e 0b b8 00 00 00 00 00 00 00 00 00 00 00 00 00 00
#1809  t=  12.008s IN  ep1 11 ff 04 1e 0b b8 00 00 00 00 00 00 00 00 00 00 00 00 00 00
#1811  t=  13.016s OUT ep1 11 ff 04 1e 0b b8 00 00 00 00 00 00 00 00 00 00 00 00 00 00
#1813  t=  13.017s IN  ep1 11 ff 04 1e 0b b8 00 00 00 00 00 00 00 00 00 00 00 00 00 00
#1815  t=  14.025s OUT ep1 11 ff 04 1e 0b b8 00 00 00 00 00 00 00 00 00 00 00 00 00 00
#1817  t=  14.027s IN  ep1 11 ff 04 1e 0b b8 00 00 00 00 00 00 00 00 00 00 00 00 00 00
#1825  t=  15.033s OUT ep1 11 ff 04 1e 0b b8 00 00 00 00 00 00 00 00 00 00 00 00 00 00
#1827  t=  15.034s IN  ep1 11 ff 04 1e 0b b8 00 00 00 00 00 00 00 00 00 00 00 00 00 00
#1829  t=  16.045s OUT ep1 11 ff 04 1e 0b b8 00 00 00 00 00 00 00 00 00 00 00 00 00 00
#1831  t=  16.046s IN  ep1 11 ff 04 1e 0b b8 00 00 00 00 00 00 00 00 00 00 00 00 00 00
#1843  t=  17.056s OUT ep1 11 ff 04 1e 0b b8 00 00 00 00 00 00 00 00 00 00 00 00 00 00
#1845  t=  17.056s IN  ep1 11 ff 04 1e 0b b8 00 00 00 00 00 00 00 00 00 00 00 00 00 00
